2
a 2 1

3
a 3 1
b 3 2

4
a 4 1
b 4 3

5
a 5 2
b 5 3

6
a 6 1
b 6 5

7
a 7 1
b 7 6

8
a 8 6 5 1
b 8 5 3 2

9
a 9 4
b 9 5

10
a 10 3
b 10 7

11
a 11 2
b 11 9

12
a 12 7 4 3
b 12 11 8 6
c 12 11 10 2

13
a 13 4 3 1
b 13 12 10 9

14
a 14 12 11 1
b 14 13 8 4
c 14 13 12 2

15
a 15 1
b 15 14
c 15 11
d 15 8

16
a 16 5 3 2
b 16 15 13 4

17
a 17 3
b 17 14
c 17 14 13 9

18
a 18 7
b 18 11

19
a 19 6 5 1
b 19 18 17 14

20
a 20 3
b 20 17

21
a 21 2
b 21 19

22
a 22 1
b 22 21

23
a 23 5
b 23 18

24
a 24 4 3 1
b 24 23 22 17

25
a 25 3

26
a 26 8 7 1

27
a 27 8 7 1

28
a 28 3

29
a 29 2

30
a 30 16 15 1

31
a 31 3

32
a 32 28 27 1
