2 3
a 2 1

3 7
a 3 1
b 3 2

4 15
a 4 1
b 4 3

5 31
a 5 2
b 5 3

6 63
a 6 1
b 6 5

7 127
a 7 1
b 7 6

8 255
a 8 6 5 1
b 8 5 3 2

9 511
a 9 4
b 9 5

10 1023
a 10 3
b 10 7

11 2047
a 11 2
b 11 9

12 4095
a 12 7 4 3
b 12 11 8 6
c 12 11 10 2

13 8191
a 13 4 3 1
b 13 12 10 9

14 16383
a 14 12 11 1
b 14 13 8 4
c 14 13 12 2

15 32767
a 15 1
b 15 14
c 15 11
d 15 8

16 65535
a 16 5 3 2
b 16 15 13 4

17 131071
a 17 3
b 17 14
c 17 14 13 9

18 262143
a 18 7
b 18 11

19 524287
a 19 6 5 1
b 19 18 17 14

20 1048575
a 20 3
b 20 17

21 2097151
a 21 2
b 21 19

22 4194303
a 22 1
b 22 21

23 8388607
a 23 5
b 23 18

24 16777215
a 24 4 3 1
b 24 23 22 17

25 33554431
a 25 3

26 67108863
a 26 8 7 1

27 134217727
a 27 8 7 1

28 268435455
a 28 3

29 536870911
a 29 2

30 1073741823
a 30 16 15 1

31 2147483647
a 31 3

32 4294967295
a 32 28 27 1
